11 7
110
733
883
500
187
421
145
357
181
595
693
587
472
965
227
904
336
44
568
966
458
306
225
581
745
408
997
236
168
220
75
630
305
958
130
492
731
627
850
913
574
895
500
46
212
79
950
548
475
518
514
933
176
91
515
922
500
864
158
20
84
585
650
389
544
132
882
275
111
84
540
685
979
392
732
192
471
682
92
299
201
607
232
377
698
99
299
550
964
809
570
48
395
572
438
939
704
672
566
815
756
459
501
735
851
585
279
675
267
372
974
820
331
206
550
381
658
201
932
622
11
854
22
758
427
812
49
483
